distortion:
- - 0.09676954044537533
  - -0.837019944692255
  - -9.166973910657811e-05
  - 0.000772294214233019
  - 3.3069495537949885
intrinsic_camera:
- - 766.690198987439
  - 0.0
  - 641.669308521052
- - 0.0
  - 768.687867391742
  - 355.85598635189535
- - 0.0
  - 0.0
  - 1.0
